============== Perceptron ============
[1 0 0 0 0 0 0 0 0 0 0 0 0 0 0 0 0]
0.64
[-3  2 -1 -6  7  3  0  1  2 -2  2 -4  0  1 -2 -2 -2]
0.03
[-4  3 -7 -7 18  4 -2  3  4 -3  2 -5  2  1 -2 -4 -2]
0.03
[ -2   0 -14  -9  20   7  -2   6   5  -2   4  -7   4   1  -3  -4  -2]
0.06
[ -6   1 -18 -11  28  10  -5   7   6  -6   3  -5   4   0  -5  -7  -4]
0.05
[ -6  -1 -20  -9  28   9  -2   8   7  -3   2  -7   6  -2  -6  -8  -3]
0.07
[ -8   3 -20 -11  30   8  -1   6   9  -3   1  -9   4   3  -5  -8  -3]
0.06
[ -5   0 -22 -12  32  10  -3   7   7  -4   3  -9   3   2  -4  -8  -3]
0.05
[ -7   0 -21 -11  33   9  -2   7   6  -4   2  -8   4   1  -5  -7  -2]
0.05
[ -7   0 -23 -12  33  12  -3   8   7  -4   1  -8   3   2  -6 -10  -2]
0.05
[ -6  -1 -25 -12  33  14  -1   7   7  -2   1  -8   5   2  -7  -7  -4]
0.05
[ -5  -2 -24 -14  34  11  -2  11   8  -2   2  -9   6  -1  -5  -7  -2]
0.07
[ -7   0 -26 -12  32  12  -1   9   9  -4   3  -7   6   1  -5  -8  -3]
0.07
[ -7   2 -25 -11  35  11  -2   8   8  -3   2  -7   4   1  -6 -10  -2]
0.05
[ -5   0 -25 -11  35  12  -3   9   7  -4   1  -6   4   1  -7 -10  -3]
0.06
[ -6  -2 -26 -12  34  12  -3   8   7  -3   1  -7   6   2  -4  -7  -4]
0.05
[ -6  -1 -25 -13  35  11  -4   7   5  -4   2  -9   4   2  -6 -10  -3]
0.05
[ -8   0 -25 -12  35  14  -3   7   7  -4   1 -10   3   2  -6 -10  -2]
0.04
[ -7   1 -25 -10  35  14  -3   9   7  -4   3  -9   5   3  -7 -10  -3]
0.05
[ -5  -2 -27 -14  35  10  -3   9   6   0   3  -8   5   0  -5 -10  -2]
0.09
[ -7   0 -26 -14  36  11  -2   7   7  -3   2  -8   3   1  -6 -10  -2]
0.06
[ -8   0 -26 -12  36  11  -2   7   6  -5   2  -8   5   1  -7  -9  -2]
0.04
[ -5   0 -27 -12  35  13  -2   6   7  -3   2  -8   4   1  -6  -8  -3]
0.04
[ -6   0 -26 -12  36  13  -2   9   7  -3   2  -8   4   2  -6  -9  -4]
0.05
[ -7   0 -27 -12  35  13  -2   7   7  -4   0  -8   5   1  -7  -8  -4]
0.05
[ -7   1 -26 -14  36  14  -3   7   8  -4   1  -9   3   2  -7  -8  -3]
0.05
[ -7  -1 -26 -13  36  13  -4   6   8  -4   2  -9   4   2  -7  -7  -4]
0.05
[ -6  -1 -26 -12  36  11  -2   7   6  -4   2  -8   4   1  -7  -8  -1]
0.04
[ -6   0 -26 -13  36  12  -3   7   6  -2   3  -8   4   2  -6  -8  -3]
0.05
[ -7  -2 -29 -13  35  11  -2   8   8  -3   2  -8   3   1  -5 -10  -4]
0.07
[ -7  -1 -28 -13  36  12  -3   7   7  -4   1  -9   3   1  -5 -10  -1]
0.06
[ -7  -2 -28 -12  36  11  -2   7   9  -4   2  -8   3   2  -4  -9  -2]
0.06
[ -6   0 -26 -14  38  11  -2   8   6  -4   2  -9   4   0  -7  -9  -3]
0.05
[ -7  -1 -27 -13  37  11  -4   7   7  -3   0  -9   3   0  -4 -10  -4]
0.05
[ -7  -1 -28 -12  36  12  -3   8   7  -3   1  -6   5   3  -5  -9  -4]
0.05
[ -7  -2 -26 -12  38  11  -2   9   7  -4   2  -9   4   1  -5 -10  -1]
0.05
[ -9  -1 -27 -12  37  12  -1   7   9  -6   3  -7   6   1  -6  -9  -3]
0.05
[ -8  -1 -28 -12  36  12  -1   6   7  -3   1  -8   3   2  -6 -10  -2]
0.04
[ -7   0 -28 -12  36  12  -3   6   7  -3   1  -8   2   2  -5  -9   0]
0.06
[ -6  -1 -27 -13  37  10  -3   7   7  -4   1  -8   5   2  -6  -9  -3]
0.05
[ -5   0 -27 -12  37  10  -3   8   6  -3   1  -8   4   1  -4  -8  -2]
0.05
[ -6   0 -27 -13  37  12  -3   8   6  -3   1  -8   4   0  -6 -10  -3]
0.06
[ -7  -1 -26 -13  38  12  -3   6   7  -5   3  -9   4  -1  -7 -10  -1]
0.05
[ -7   1 -28 -13  36  13  -2   6   9  -5   2  -8   4   2  -6  -7  -2]
0.04
[ -9   0 -27 -13  37  12  -1   7   9  -4   1  -9   2   2  -5  -9  -3]
0.05
[ -8  -2 -27 -13  37  12  -3   7   8  -4   1  -8   4   2  -4 -10  -4]
0.05
[ -4  -1 -27 -13  37  13  -4   7   6  -2   2  -8   3   1  -6  -9  -3]
0.05
[ -5   0 -27 -11  37  13  -4   7   6  -2   2  -8   3   3  -7  -7  -2]
0.04
[ -6  -1 -27 -13  37  11  -2   6   7  -2   2  -8   4   0  -5  -9  -2]
0.05
[ -5   0 -27 -12  37  11  -2   7   7  -2   0  -9   4   1  -6 -10  -3]
0.05
[ -7   2 -26 -11  38  10  -5   7   8  -2   1  -8   4   2  -6  -9  -2]
0.06
[ -8   0 -26 -14  38  12  -3   8   7  -2   1  -8   5   1  -6  -9  -4]
0.06
[ -5   0 -27 -12  37  12  -3   7   7  -3   1  -8   3   0  -5  -9  -2]
0.06
[ -8  -1 -27 -11  39  12  -3   7   8  -3   1  -7   4   1  -6  -8  -3]
0.06
[ -7  -1 -29 -12  37  12  -1   8   8  -5   1  -9   3   2  -6 -10  -3]
0.04
[ -5  -1 -27 -14  39  11  -2   8   7  -4   4  -8   5   0  -7 -10  -4]
0.06
[ -8  -2 -29 -14  37  11  -2   7   7  -3   0  -7   4   2  -5 -10  -3]
0.05
[ -6  -1 -28  -9  38  12  -3   8   9  -4   3  -9   4   0  -7  -9  -3]
0.07
[ -7  -2 -29 -12  37  12  -3   8   8  -5   1  -8   5   1  -5  -9  -3]
0.05
[ -6  -1 -29 -12  37  12  -3   6   6  -2   1  -7   3   1  -7  -8  -2]
0.05
[ -6   0 -29 -12  37  11  -2   9   7  -4   2  -8   5   4  -5  -8  -2]
0.04
[ -4   0 -28 -12  38  12  -3   7   8  -4   3  -8   5   1  -6  -8  -3]
0.06
[ -5   0 -29 -13  39  14  -3   7   7  -3   3  -8   3   1  -7  -9  -3]
0.06
[ -5  -1 -29 -12  39  13  -2  10   7  -4   2  -9   6   2  -7 -10  -3]
0.06
[ -5  -1 -29 -13  39  12  -3   7   7  -3   1  -8   3   0  -6 -10  -2]
0.06
[ -7  -1 -30 -13  38  13  -2   7   7  -3   2  -7   5   1  -5  -9  -3]
0.05
[ -6  -1 -29 -12  39  11  -2   6   7  -3   2  -8   4   0  -6  -9  -1]
0.05
[ -8  -1 -30 -12  38  12  -1   7   7  -2   1  -7   3   2  -6 -11  -2]
0.05
[ -7  -1 -30 -13  38  10  -1   8   6  -3   1  -8   3   1  -4  -9  -1]
0.06
[ -7  -2 -29 -14  39  11  -4   8   7  -4   2  -8   5   2  -5 -10  -3]
0.06
[ -6   0 -29 -13  39  13  -2   9   8  -5   2  -9   5   1  -6  -9  -3]
0.06
[ -7   0 -29 -11  39  11  -4   7   7  -3   0  -8   3   3  -5  -9  -3]
0.05
[ -6   1 -30 -12  38  13  -2   7   7  -3   2  -9   3   5  -6  -7  -3]
0.04
[ -7  -1 -30 -13  38  13  -2   7   7  -3   2  -7   5   1  -5  -9  -3]
0.05
[ -6  -1 -29 -12  39  11  -2   6   7  -3   2  -8   4   0  -6  -9  -1]
0.05
[ -8  -1 -30 -12  38  12  -1   7   7  -2   1  -7   3   2  -6 -11  -2]
0.05
[ -7  -1 -30 -13  38  10  -1   8   6  -3   1  -8   3   1  -4  -9  -1]
0.06
[ -7  -2 -29 -14  39  11  -4   8   7  -4   2  -8   5   2  -5 -10  -3]
0.06
[ -6   0 -29 -13  39  13  -2   9   8  -5   2  -9   5   1  -6  -9  -3]
0.06
[ -7   0 -29 -11  39  11  -4   7   7  -3   0  -8   3   3  -5  -9  -3]
0.05
[ -6   1 -30 -12  38  13  -2   7   7  -3   2  -9   3   5  -6  -7  -3]
0.04
[ -7  -1 -30 -13  38  13  -2   7   7  -3   2  -7   5   1  -5  -9  -3]
0.05
[ -6  -1 -29 -12  39  11  -2   6   7  -3   2  -8   4   0  -6  -9  -1]
0.05
[ -8  -1 -30 -12  38  12  -1   7   7  -2   1  -7   3   2  -6 -11  -2]
0.05
[ -7  -1 -30 -13  38  10  -1   8   6  -3   1  -8   3   1  -4  -9  -1]
0.06
[ -7  -2 -29 -14  39  11  -4   8   7  -4   2  -8   5   2  -5 -10  -3]
0.06
[ -6   0 -29 -13  39  13  -2   9   8  -5   2  -9   5   1  -6  -9  -3]
0.06
[ -7   0 -29 -11  39  11  -4   7   7  -3   0  -8   3   3  -5  -9  -3]
0.05
[ -6   1 -30 -12  38  13  -2   7   7  -3   2  -9   3   5  -6  -7  -3]
0.04
[ -7  -1 -30 -13  38  13  -2   7   7  -3   2  -7   5   1  -5  -9  -3]
0.05
[ -6  -1 -29 -12  39  11  -2   6   7  -3   2  -8   4   0  -6  -9  -1]
0.05
[ -8  -1 -30 -12  38  12  -1   7   7  -2   1  -7   3   2  -6 -11  -2]
0.05
[ -7  -1 -30 -13  38  10  -1   8   6  -3   1  -8   3   1  -4  -9  -1]
0.06
[ -7  -2 -29 -14  39  11  -4   8   7  -4   2  -8   5   2  -5 -10  -3]
0.06
[ -6   0 -29 -13  39  13  -2   9   8  -5   2  -9   5   1  -6  -9  -3]
0.06
[ -7   0 -29 -11  39  11  -4   7   7  -3   0  -8   3   3  -5  -9  -3]
0.05
[ -6   1 -30 -12  38  13  -2   7   7  -3   2  -9   3   5  -6  -7  -3]
0.04
[ -7  -1 -30 -13  38  13  -2   7   7  -3   2  -7   5   1  -5  -9  -3]
0.05
[ -6  -1 -29 -12  39  11  -2   6   7  -3   2  -8   4   0  -6  -9  -1]
0.05
[ -8  -1 -30 -12  38  12  -1   7   7  -2   1  -7   3   2  -6 -11  -2]
0.05
[ -7  -1 -30 -13  38  10  -1   8   6  -3   1  -8   3   1  -4  -9  -1]
0.06
[ -7  -2 -29 -14  39  11  -4   8   7  -4   2  -8   5   2  -5 -10  -3]
0.06
[ -6   0 -29 -13  39  13  -2   9   8  -5   2  -9   5   1  -6  -9  -3]
0.06
[ -7   0 -29 -11  39  11  -4   7   7  -3   0  -8   3   3  -5  -9  -3]
0.05
[ -6   1 -30 -12  38  13  -2   7   7  -3   2  -9   3   5  -6  -7  -3]
0.04
[ -7  -1 -30 -13  38  13  -2   7   7  -3   2  -7   5   1  -5  -9  -3]
0.05
[ -6  -1 -29 -12  39  11  -2   6   7  -3   2  -8   4   0  -6  -9  -1]
0.05
[ -8  -1 -30 -12  38  12  -1   7   7  -2   1  -7   3   2  -6 -11  -2]
0.05
[ -7  -1 -30 -13  38  10  -1   8   6  -3   1  -8   3   1  -4  -9  -1]
0.06
[ -7  -2 -29 -14  39  11  -4   8   7  -4   2  -8   5   2  -5 -10  -3]
0.06
[ -6   0 -29 -13  39  13  -2   9   8  -5   2  -9   5   1  -6  -9  -3]
0.06
[ -7   0 -29 -11  39  11  -4   7   7  -3   0  -8   3   3  -5  -9  -3]
0.05
[ -6   1 -30 -12  38  13  -2   7   7  -3   2  -9   3   5  -6  -7  -3]
0.04
[ -7  -1 -30 -13  38  13  -2   7   7  -3   2  -7   5   1  -5  -9  -3]
0.05
[ -6  -1 -29 -12  39  11  -2   6   7  -3   2  -8   4   0  -6  -9  -1]
0.05
[ -8  -1 -30 -12  38  12  -1   7   7  -2   1  -7   3   2  -6 -11  -2]
0.05
[ -7  -1 -30 -13  38  10  -1   8   6  -3   1  -8   3   1  -4  -9  -1]
0.06
[ -7  -2 -29 -14  39  11  -4   8   7  -4   2  -8   5   2  -5 -10  -3]
0.06
[ -6   0 -29 -13  39  13  -2   9   8  -5   2  -9   5   1  -6  -9  -3]
0.06
[ -7   0 -29 -11  39  11  -4   7   7  -3   0  -8   3   3  -5  -9  -3]
0.05
[ -6   1 -30 -12  38  13  -2   7   7  -3   2  -9   3   5  -6  -7  -3]
0.04
[ -7  -1 -30 -13  38  13  -2   7   7  -3   2  -7   5   1  -5  -9  -3]
0.05
[ -6  -1 -29 -12  39  11  -2   6   7  -3   2  -8   4   0  -6  -9  -1]
0.05
[ -8  -1 -30 -12  38  12  -1   7   7  -2   1  -7   3   2  -6 -11  -2]
0.05
[ -7  -1 -30 -13  38  10  -1   8   6  -3   1  -8   3   1  -4  -9  -1]
0.06
[ -7  -2 -29 -14  39  11  -4   8   7  -4   2  -8   5   2  -5 -10  -3]
0.06
[ -6   0 -29 -13  39  13  -2   9   8  -5   2  -9   5   1  -6  -9  -3]
0.06
[ -7   0 -29 -11  39  11  -4   7   7  -3   0  -8   3   3  -5  -9  -3]
0.05
[ -6   1 -30 -12  38  13  -2   7   7  -3   2  -9   3   5  -6  -7  -3]
0.04
[ -7  -1 -30 -13  38  13  -2   7   7  -3   2  -7   5   1  -5  -9  -3]
0.05
[ -6  -1 -29 -12  39  11  -2   6   7  -3   2  -8   4   0  -6  -9  -1]
0.05
[ -8  -1 -30 -12  38  12  -1   7   7  -2   1  -7   3   2  -6 -11  -2]
0.05
[ -7  -1 -30 -13  38  10  -1   8   6  -3   1  -8   3   1  -4  -9  -1]
0.06
[ -7  -2 -29 -14  39  11  -4   8   7  -4   2  -8   5   2  -5 -10  -3]
0.06
[ -6   0 -29 -13  39  13  -2   9   8  -5   2  -9   5   1  -6  -9  -3]
0.06
[ -7   0 -29 -11  39  11  -4   7   7  -3   0  -8   3   3  -5  -9  -3]
0.05
[ -6   1 -30 -12  38  13  -2   7   7  -3   2  -9   3   5  -6  -7  -3]
0.04
[ -7  -1 -30 -13  38  13  -2   7   7  -3   2  -7   5   1  -5  -9  -3]
0.05
[ -6  -1 -29 -12  39  11  -2   6   7  -3   2  -8   4   0  -6  -9  -1]
0.05
[ -8  -1 -30 -12  38  12  -1   7   7  -2   1  -7   3   2  -6 -11  -2]
0.05
[ -7  -1 -30 -13  38  10  -1   8   6  -3   1  -8   3   1  -4  -9  -1]
0.06
[ -7  -2 -29 -14  39  11  -4   8   7  -4   2  -8   5   2  -5 -10  -3]
0.06
[ -6   0 -29 -13  39  13  -2   9   8  -5   2  -9   5   1  -6  -9  -3]
0.06
[ -7   0 -29 -11  39  11  -4   7   7  -3   0  -8   3   3  -5  -9  -3]
0.05
[ -6   1 -30 -12  38  13  -2   7   7  -3   2  -9   3   5  -6  -7  -3]
0.04
[ -7  -1 -30 -13  38  13  -2   7   7  -3   2  -7   5   1  -5  -9  -3]
0.05
[ -6  -1 -29 -12  39  11  -2   6   7  -3   2  -8   4   0  -6  -9  -1]
0.05
[ -8  -1 -30 -12  38  12  -1   7   7  -2   1  -7   3   2  -6 -11  -2]
0.05
[ -7  -1 -30 -13  38  10  -1   8   6  -3   1  -8   3   1  -4  -9  -1]
0.06
[ -7  -2 -29 -14  39  11  -4   8   7  -4   2  -8   5   2  -5 -10  -3]
0.06
[ -6   0 -29 -13  39  13  -2   9   8  -5   2  -9   5   1  -6  -9  -3]
0.06
[ -7   0 -29 -11  39  11  -4   7   7  -3   0  -8   3   3  -5  -9  -3]
0.05
[ -6   1 -30 -12  38  13  -2   7   7  -3   2  -9   3   5  -6  -7  -3]
0.04
[ -7  -1 -30 -13  38  13  -2   7   7  -3   2  -7   5   1  -5  -9  -3]
0.05
[ -6  -1 -29 -12  39  11  -2   6   7  -3   2  -8   4   0  -6  -9  -1]
0.05
[ -8  -1 -30 -12  38  12  -1   7   7  -2   1  -7   3   2  -6 -11  -2]
0.05
[ -7  -1 -30 -13  38  10  -1   8   6  -3   1  -8   3   1  -4  -9  -1]
0.06
[ -7  -2 -29 -14  39  11  -4   8   7  -4   2  -8   5   2  -5 -10  -3]
0.06
[ -6   0 -29 -13  39  13  -2   9   8  -5   2  -9   5   1  -6  -9  -3]
0.06
[ -7   0 -29 -11  39  11  -4   7   7  -3   0  -8   3   3  -5  -9  -3]
0.05
[ -6   1 -30 -12  38  13  -2   7   7  -3   2  -9   3   5  -6  -7  -3]
0.04
[ -7  -1 -30 -13  38  13  -2   7   7  -3   2  -7   5   1  -5  -9  -3]
0.05
[ -6  -1 -29 -12  39  11  -2   6   7  -3   2  -8   4   0  -6  -9  -1]
0.05
[ -8  -1 -30 -12  38  12  -1   7   7  -2   1  -7   3   2  -6 -11  -2]
0.05
[ -7  -1 -30 -13  38  10  -1   8   6  -3   1  -8   3   1  -4  -9  -1]
0.06
[ -7  -2 -29 -14  39  11  -4   8   7  -4   2  -8   5   2  -5 -10  -3]
0.06
[ -6   0 -29 -13  39  13  -2   9   8  -5   2  -9   5   1  -6  -9  -3]
0.06
[ -7   0 -29 -11  39  11  -4   7   7  -3   0  -8   3   3  -5  -9  -3]
0.05
[ -6   1 -30 -12  38  13  -2   7   7  -3   2  -9   3   5  -6  -7  -3]
0.04
[ -7  -1 -30 -13  38  13  -2   7   7  -3   2  -7   5   1  -5  -9  -3]
0.05
[ -6  -1 -29 -12  39  11  -2   6   7  -3   2  -8   4   0  -6  -9  -1]
0.05
[ -8  -1 -30 -12  38  12  -1   7   7  -2   1  -7   3   2  -6 -11  -2]
0.05
[ -7  -1 -30 -13  38  10  -1   8   6  -3   1  -8   3   1  -4  -9  -1]
0.06
[ -7  -2 -29 -14  39  11  -4   8   7  -4   2  -8   5   2  -5 -10  -3]
0.06
[ -6   0 -29 -13  39  13  -2   9   8  -5   2  -9   5   1  -6  -9  -3]
0.06
[ -7   0 -29 -11  39  11  -4   7   7  -3   0  -8   3   3  -5  -9  -3]
0.05
[ -6   1 -30 -12  38  13  -2   7   7  -3   2  -9   3   5  -6  -7  -3]
0.04
[ -7  -1 -30 -13  38  13  -2   7   7  -3   2  -7   5   1  -5  -9  -3]
0.05
[ -6  -1 -29 -12  39  11  -2   6   7  -3   2  -8   4   0  -6  -9  -1]
0.05
[ -8  -1 -30 -12  38  12  -1   7   7  -2   1  -7   3   2  -6 -11  -2]
0.05
[ -7  -1 -30 -13  38  10  -1   8   6  -3   1  -8   3   1  -4  -9  -1]
0.06
[ -7  -2 -29 -14  39  11  -4   8   7  -4   2  -8   5   2  -5 -10  -3]
0.06
[ -6   0 -29 -13  39  13  -2   9   8  -5   2  -9   5   1  -6  -9  -3]
0.06
[ -7   0 -29 -11  39  11  -4   7   7  -3   0  -8   3   3  -5  -9  -3]
0.05
[ -6   1 -30 -12  38  13  -2   7   7  -3   2  -9   3   5  -6  -7  -3]
0.04
[ -7  -1 -30 -13  38  13  -2   7   7  -3   2  -7   5   1  -5  -9  -3]
0.05
